f = 0.50 [0.75:0.82]
C               = 0.835918         +/- 0.004787     (0.5726%)
B               = 3.51139          +/- 0.2553       (7.272%)
A               = 20.9325          +/- 8.968        (42.84%)


f = 0.75 [0.75:0.84]
C               = 0.844506         +/- 0.004027     (0.4769%)
B               = 4.06405          +/- 0.221        (5.437%)
A               = 65.401           +/- 22.56        (34.5%)

f = 1.0 [0.75:0.84]
C               = 0.840899         +/- 0.00328      (0.39%)
B               = 4.02925          +/- 0.1894       (4.702%)
A               = 87.2074          +/- 26.73        (30.65%)


f = 1.25 [0.75:0.84]
C               = 0.848552         +/- 0.002904     (0.3422%)
B               = 4.52046          +/- 0.1703       (3.768%)
A               = 246.585          +/- 63.8         (25.87%)
